y    mask1       mask3       mask6       mask12      model       controlling r,z,halfwidth
330   (342, 624)   (344, 622)   (344, 621)   (344, 621)   (325, 641)   [0.614, 3.203, 158.5]
340   (331, 630)   (335, 630)   (336, 630)   (336, 630)   (321, 645)   [0.614, 3.203, 162.3]
350   (326, 638)   (328, 638)   (328, 638)   (328, 637)   (319, 648)   [0.618, 3.177, 165.1]
360   (319, 646)   (322, 644)   (322, 644)   (322, 643)   (315, 651)   [0.65, 3.01, 168.9]
380   (311, 656)   (313, 653)   (314, 653)   (314, 653)   (309, 658)   [0.654, 2.987, 175.3]
400   (307, 659)   (307, 659)   (307, 659)   (308, 658)   (306, 661)   [0.654, 2.987, 178.5]
420   (306, 663)   (306, 661)   (306, 660)   (306, 660)   (306, 660)   [0.654, 2.987, 178.4]
460   (313, 656)   (314, 653)   (314, 653)   (314, 653)   (317, 650)   [0.654, 2.987, 167.8]
500   (337, 630)   (338, 630)   (338, 630)   (339, 629)   (343, 623)   [0.645, 2.962, 141.2]
530   (370, 603)   (371, 598)   (371, 598)   (372, 597)   (382, 585)   [0.645, 2.962, 104.3]
540   (386, 583)   (386, 583)   (387, 582)   (388, 582)   (401, 565)   [0.645, 2.962, 85.3]
550   (405, 574)   (405, 561)   (405, 561)   (413, 561)   (396, 571)   [0.468, 1.592, 88.2]
560   (403, 565)   (403, 564)   (404, 563)   (448, 562)   (385, 582)   [0.468, 1.592, 99.5]
570   (401, 565)   (401, 564)   (401, 564)   (402, 564)   (376, 590)   [0.468, 1.592, 108.2]
580   (395, 578)   (395, 573)   (396, 570)   (396, 569)   (366, 600)   [0.539, 1.419, 117.5]
590   (381, 584)   (381, 584)   (382, 583)   (382, 583)   (358, 608)   [0.539, 1.419, 125.8]
600   (362, 607)   (362, 603)   (363, 602)   (363, 601)   (351, 615)   [0.539, 1.419, 132.5]
610   (339, 626)   (340, 625)   (341, 625)   (341, 624)   (339, 627)   [0.951, 0.553, 144.3]
620   (322, 643)   (323, 642)   (323, 642)   (324, 641)   (322, 644)   [0.951, 0.553, 161.1]
640   (294, 673)   (295, 672)   (295, 671)   (295, 671)   (294, 672)   [0.974, 0.51, 188.7]
660   (273, 694)   (273, 693)   (273, 693)   (274, 693)   (273, 693)   [0.986, 0.483, 210.3]
680   (255, 711)   (256, 711)   (256, 710)   (256, 710)   (256, 710)   [0.986, 0.483, 227.7]
700   (241, 725)   (242, 725)   (243, 724)   (243, 724)   (242, 724)   [0.986, 0.483, 241.4]
800   (211, 755)   (212, 755)   (212, 754)   (212, 754)   (214, 753)   [0.989, 0.456, 270.5]
940   (226, 742)   (226, 742)   (227, 741)   (229, 741)   (234, 733)   [0.997, 0.142, 250.7]
1000  (263, 704)   (263, 703)   (264, 703)   (277, 702)   (278, 688)   [0.982, 0.092, 207.4]
1060  (350, 617)   (352, 609)   (352, 609)   (374, 607)   (374, 592)   [0.982, 0.092, 113.1]
